13 7 15
12 5 8
8 15 10
17 14 6
17 9 13
16 11 15
11 9 15
8 12 11
15 12 15
20 6 7
17 5 14
17 15 13
13 11 12
11 11 10
17 15 10
13 8 15
12 6 11
16 8 9
16 5 14
11 13 11
15 6 5
5 14 12
12 13 14
20 11 14
5 9 6
9 15 9
14 9 9
16 11 13
9 8 9
9 8 10
12 6 11
7 10 5
19 14 15
18 14 10
14 13 6
14 6 14
14 9 15
11 11 12
18 15 7
15 8 13
13 13 7
13 10 10
15 7 8
5 9 13
20 6 8
6 5 8
7 15 14
10 12 10
15 5 8
5 15 12
5 13 8
10 11 11
6 9 13
19 8 9
13 15 14
19 15 11
10 13 8
13 14 10
7 5 6
18 9 8
8 13 5
9 8 12
17 9 9
18 6 11
15 8 8
18 12 9
6 10 10
18 5 7
5 15 5
11 10 9
6 15 13
8 11 13
5 5 15
7 10 9
15 9 14
8 9 15
14 8 12
7 15 7
5 12 6
14 9 15
12 8 7
19 9 15
8 5 13
6 5 13
10 8 10
8 6 6
6 6 5
6 14 9
8 14 8
7 7 9
20 6 6
20 15 13
14 9 12
13 5 11
20 13 14
16 15 5
20 8 14
19 10 14
12 12 12
11 15 12
18 7 8
19 14 6
19 8 10
18 6 5
5 11 6
11 15 8
5 11 6
12 13 7
16 6 13
5 12 7
13 8 6
15 7 7
9 15 15
14 8 15
10 13 6
13 7 14
9 9 12
12 6 15
13 14 7
6 15 10
11 9 13
19 12 8
17 15 15
5 7 10
6 6 15
11 9 15
7 11 14
15 12 14
8 13 8
20 14 15
15 8 14
13 5 6
14 6 12
7 13 11
19 10 8
17 7 6
18 13 10
13 7 9
7 5 15
12 15 10
17 5 6
6 5 8
9 10 5
13 7 13
19 11 7
6 7 12
20 7 15
9 11 13
19 13 13
11 7 9
12 7 9
14 10 10
18 12 8
9 12 8
10 13 15
13 11 7
17 7 14
8 12 7
15 6 8
7 8 15
12 9 11
18 14 9
17 6 14
14 14 12
20 13 9
15 13 12
8 5 15
14 6 12
14 9 5
8 13 9
12 12 10
17 10 14